0.0000  ,0.0000  ,-0.0000 ,-0.0000 ,-2905.2000,0.0000  ,
1.5163  ,2.0194  ,1.2729  ,-0.0000 ,-2903.5814,-0.6264 ,
7.3835  ,9.8917  ,6.1773  ,-0.0000 ,-2897.3084,-3.0504 ,
17.6555 ,23.8991 ,14.6815 ,-0.0000 ,-2886.2877,-7.2942 ,
32.2532 ,44.3046 ,26.5834 ,-0.0000 ,-2870.5416,-13.3251,
51.0652 ,71.4806 ,41.5945 ,-0.0000 ,-2850.1036,-21.0971,
73.9487 ,105.9054,59.3390 ,-0.0000 ,-2825.0199,-30.5512,
100.7317,148.1566,79.3546 ,-0.0000 ,-2795.3513,-41.6163,
131.2150,198.9044,101.0922,-0.0000 ,-2761.1769,-54.2102,
165.1756,258.9018,123.9155,-0.0000 ,-2722.5976,-68.2407,
202.3689,328.9726,147.1007,-0.0000 ,-2679.7415,-83.6068,
242.5327,409.9980,169.8357,-0.0000 ,-2632.7693,-100.2001,
285.3907,502.8983,191.2198,-0.0000 ,-2581.8826,-117.9065,
329.8508,606.6621,209.9577,-0.0000 ,-2528.3089,-136.2747,
373.1953,715.4464,224.5044,-0.0000 ,-2475.3758,-154.1821,
415.2336,828.5102,234.7453,-0.0000 ,-2423.4537,-171.5498,
456.0123,945.6411,240.6770,-0.0000 ,-2372.6299,-188.3972,
495.5763,1066.6227,242.2975,-0.0000 ,-2322.9929,-204.7426,
533.9692,1191.2359,239.6061,-0.0000 ,-2274.6309,-220.6043,
571.2332,1319.2610,232.6038,-0.0000 ,-2227.6317,-235.9996,
607.4092,1450.4800,221.2931,-0.0000 ,-2182.0813,-250.9453,
642.5366,1584.6783,205.6777,-0.0000 ,-2138.0635,-265.4579,
676.6533,1721.6470,185.7621,-0.0000 ,-2095.6595,-279.5529,
709.7962,1861.1851,161.5513,-0.0000 ,-2054.9467,-293.2455,
742.0004,2003.1016,133.0498,-0.0000 ,-2015.9991,-306.5504,
773.3000,2147.2172,100.2613,-0.0000 ,-1978.8866,-319.4815,
803.7277,2293.3660,63.1873 ,-0.0000 ,-1943.6745,-332.0524,
833.3148,2441.3979,21.8262 ,-0.0000 ,-1910.4245,-344.2761,
862.0917,2591.1793,-23.8278,-0.0000 ,-1879.1936,-356.1650,
890.0873,2742.5953,-73.7860,-0.0000 ,-1850.0355,-367.7311,
917.3295,2895.5503,-128.0671,-0.0000 ,-1823.0001,-378.9860,
943.8452,3049.9701,-186.6983,-0.0000 ,-1798.1348,-389.9407,
969.6599,3205.8027,-249.7178,-0.0000 ,-1775.4846,-400.6058,
994.7984,3363.0197,-317.1767,-0.0000 ,-1755.0932,-410.9915,
1019.2844,3521.6182,-389.1417,-0.0000 ,-1737.0041,-421.1077,
1043.1405,3681.6218,-465.6979,-0.0000 ,-1721.2619,-430.9636,
1066.3887,3843.0831,-546.9523,-0.0000 ,-1707.9132,-440.5684,
1088.9325,4005.2275,-632.5741,-0.0000 ,-1697.0595,-449.8821,
1109.5187,4158.4346,-717.1654,-0.0000 ,-1689.1433,-458.3871,
1127.8710,4299.4636,-798.1899,-0.0000 ,-1683.8584,-465.9692,
1144.1143,4428.0391,-874.6894,-0.0000 ,-1680.7078,-472.6799,
1158.3563,4543.8783,-945.7539,-0.0000 ,-1679.2280,-478.5639,
1170.6895,4646.6920,-1010.5256,-0.0000 ,-1678.9914,-483.6593,
1181.1924,4736.1895,-1068.2061,-0.0000 ,-1679.6085,-487.9984,
1189.9304,4812.0863,-1118.0664,-0.0000 ,-1680.7313,-491.6084,
1196.9574,4874.1150,-1159.4596,-0.0000 ,-1682.0570,-494.5116,
1202.3161,4922.0366,-1191.8349,-0.0000 ,-1683.3324,-496.7255,
1206.0387,4955.6528,-1214.7515,-0.0000 ,-1684.3576,-498.2634,
1208.1475,4974.8169,-1227.8919,-0.0000 ,-1684.9902,-499.1347,
1208.6905,4979.7653,-1231.2939,-0.0000 ,-1685.1592,-499.3590,
1208.6905,4979.7653,-1231.2939,-0.0000 ,-1685.1592,-499.3590,
1207.3684,4986.7156,-1240.6097,-0.0000 ,-1688.2740,-498.8128,
1202.5274,5011.3285,-1273.5799,-0.0000 ,-1699.2919,-496.8128,
1193.5910,5053.8365,-1330.4503,-0.0000 ,-1718.2753,-493.1208,
1179.6614,5114.2631,-1411.1433,-0.0000 ,-1745.1656,-487.3659,
1159.5541,5192.4443,-1515.2942,-0.0000 ,-1779.7974,-479.0588,
1131.8895,5287.7969,-1641.9560,-0.0000 ,-1821.8046,-467.6294,
1095.2082,5398.9706,-1789.1578,-0.0000 ,-1870.4797,-452.4749,
1048.1067,5523.3271,-1953.2465,-0.0000 ,-1924.5666,-433.0153,
992.6194,5649.4128,-2119.0458,-0.0000 ,-1979.0433,-410.0913,
932.8927,5764.3956,-2269.7754,-0.0000 ,-2028.4252,-385.4158,
869.7500,5864.4669,-2400.6140,-0.0000 ,-2071.1850,-359.3289,
803.9601,5945.6118,-2506.4832,-0.0000 ,-2105.7156,-332.1485,
736.2689,6003.8909,-2582.4002,-0.0000 ,-2130.4401,-304.1825,
667.4055,6035.9986,-2624.1835,-0.0000 ,-2144.0352,-275.7322,
598.0876,6039.9121,-2629.2744,-0.0000 ,-2145.6911,-247.0942,
529.0290,6015.3742,-2597.3473,-0.0000 ,-2135.3045,-218.5633,
460.9458,5963.9591,-2530.3938,-0.0000 ,-2113.5060,-190.4354,
394.5633,5888.6848,-2432.2316,-0.0000 ,-2081.5038,-163.0101,
330.6221,5793.3803,-2307.7038,-0.0000 ,-2040.8305,-136.5934,
269.8843,5682.0840,-2161.9183,-0.0000 ,-1993.1027,-111.5002,
213.1387,5558.6351,-1999.7319,-0.0000 ,-1939.8575,-88.0562,
161.2040,5426.4761,-1825.5016,-0.0000 ,-1882.4747,-66.5999,
114.9316,5288.6066,-1643.0299,-0.0000 ,-1822.1602,-47.4829,
75.2222 ,5147.6917,-1455.7100,-0.0000 ,-1759.9950,-31.0773,
44.9560 ,5015.8302,-1279.6068,-0.0000 ,-1701.3050,-18.5731,
24.5515 ,4902.4782,-1127.5328,-0.0000 ,-1650.4154,-10.1432,
11.8712 ,4808.0989,-1000.3837,-0.0000 ,-1607.7082,-4.9045 ,
4.8160  ,4732.4718,-898.1252,-0.0000 ,-1573.2502,-1.9897 ,
1.4792  ,4675.0405,-820.2347,-0.0000 ,-1546.9335,-0.6111 ,
0.2712  ,4635.1577,-766.0189,-0.0000 ,-1528.5787,-0.1120 ,
0.0132  ,4612.2580,-734.8416,-0.0000 ,-1518.0094,-0.0055 ,
0.0000  ,4605.8170,-726.0659,-0.0000 ,-1515.0325,-0.0000 ,
0.0000  ,4605.8170,-726.0659,-0.0000 ,-1515.0325,-0.0000 ,
1.6317  ,4605.8143,-726.0622,-0.0000 ,-1515.0312,-0.6741 ,
8.4653  ,4605.7437,-725.9661,-0.0000 ,-1514.9986,-3.4973 ,
20.6971 ,4605.3790,-725.4690,-0.0000 ,-1514.8299,-8.5508 ,
38.3204 ,4604.3151,-724.0192,-0.0000 ,-1514.3380,-15.8317,
61.3157 ,4601.9704,-720.8237,-0.0000 ,-1513.2538,-25.3320,
89.6414 ,4597.5905,-714.8533,-0.0000 ,-1511.2277,-37.0345,
123.2196,4590.2569,-704.8539,-0.0000 ,-1507.8334,-50.9070,
161.9199,4578.9035,-689.3659,-0.0000 ,-1502.5738,-66.8957,
205.5388,4562.3420,-666.7569,-0.0000 ,-1494.8913,-84.9164,
253.7750,4539.3003,-635.2689,-0.0000 ,-1484.1820,-104.8447,
306.2005,4508.4753,-593.0838,-0.0000 ,-1469.8167,-126.5038,
362.2243,4468.6002,-538.4072,-0.0000 ,-1451.1666,-149.6495,
421.0502,4418.5258,-469.5698,-0.0000 ,-1427.6348,-173.9529,
481.6246,4357.3134,-385.1426,-0.0000 ,-1398.6922,-198.9786,
542.5718,4284.3340,-284.0606,-0.0000 ,-1363.9164,-224.1584,
602.0511,4199.4713,-165.8942,-0.0000 ,-1323.0816,-248.7317,
655.9164,4106.6808,-35.8490,-0.0000 ,-1277.8996,-270.9856,
701.4261,4009.6933,101.1148,-0.0000 ,-1230.0166,-289.7875,
737.3418,3910.2010,242.8462,-0.0000 ,-1180.1168,-304.6258,
762.3626,3809.8916,387.1661,-0.0000 ,-1128.9039,-314.9629,
775.1456,3710.4411,531.8589,-0.0000 ,-1077.1094,-320.2440,
774.3464,3613.5048,674.6637,-0.0000 ,-1025.5019,-319.9138,
758.6838,3520.7069,813.2644,-0.0000 ,-974.8977,-313.4430,
727.0347,3433.6233,945.2855,-0.0000 ,-926.1696,-300.3675,
678.5643,3353.7575,1068.3007,-0.0000 ,-880.2524,-280.3424,
612.8895,3282.5095,1179.8594,-0.0000 ,-838.1375,-253.2095,
530.2658,3221.1391,1277.5396,-0.0000 ,-800.8544,-219.0743,
431.7687,3170.7301,1359.0300,-0.0000 ,-769.4335,-178.3811,
319.4303,3132.1613,1422.2410,-0.0000 ,-744.8466,-131.9696,
196.2761,3106.0897,1465.4355,-0.0000 ,-727.9314,-81.0896,
66.2172 ,3092.9474,1487.3613,-0.0000 ,-719.3082,-27.3570,
-66.2172,3092.9474,1487.3613,0.0000  ,-719.3082,27.3570 ,
-196.2761,3106.0897,1465.4355,0.0000  ,-727.9314,81.0896 ,
-319.4303,3132.1613,1422.2410,0.0000  ,-744.8466,131.9696,
-431.7687,3170.7301,1359.0300,0.0000  ,-769.4335,178.3811,
-530.2658,3221.1391,1277.5396,0.0000  ,-800.8544,219.0743,
-612.8895,3282.5095,1179.8594,0.0000  ,-838.1375,253.2095,
-678.5643,3353.7575,1068.3007,0.0000  ,-880.2524,280.3424,
-727.0347,3433.6233,945.2855,0.0000  ,-926.1696,300.3675,
-758.6838,3520.7069,813.2644,0.0000  ,-974.8977,313.4430,
-774.3464,3613.5048,674.6637,0.0000  ,-1025.5019,319.9138,
-775.1456,3710.4411,531.8589,0.0000  ,-1077.1094,320.2440,
-762.3626,3809.8916,387.1661,0.0000  ,-1128.9039,314.9629,
-737.3418,3910.2010,242.8462,0.0000  ,-1180.1168,304.6258,
-701.4261,4009.6933,101.1148,0.0000  ,-1230.0166,289.7875,
-655.9164,4106.6808,-35.8490,0.0000  ,-1277.8996,270.9856,
-602.0511,4199.4713,-165.8942,0.0000  ,-1323.0816,248.7317,
-542.5718,4284.3340,-284.0606,0.0000  ,-1363.9164,224.1584,
-481.6246,4357.3134,-385.1426,0.0000  ,-1398.6922,198.9786,
-421.0502,4418.5258,-469.5698,0.0000  ,-1427.6348,173.9529,
-362.2243,4468.6002,-538.4072,0.0000  ,-1451.1666,149.6495,
-306.2005,4508.4753,-593.0838,0.0000  ,-1469.8167,126.5038,
-253.7750,4539.3003,-635.2689,0.0000  ,-1484.1820,104.8447,
-205.5388,4562.3420,-666.7569,0.0000  ,-1494.8913,84.9164 ,
-161.9199,4578.9035,-689.3659,0.0000  ,-1502.5738,66.8957 ,
-123.2196,4590.2569,-704.8539,0.0000  ,-1507.8334,50.9070 ,
-89.6414,4597.5905,-714.8533,0.0000  ,-1511.2277,37.0345 ,
-61.3157,4601.9704,-720.8237,0.0000  ,-1513.2538,25.3320 ,
-38.3204,4604.3151,-724.0192,0.0000  ,-1514.3380,15.8317 ,
-20.6971,4605.3790,-725.4690,0.0000  ,-1514.8299,8.5508  ,
-8.4653 ,4605.7437,-725.9661,0.0000  ,-1514.9986,3.4973  ,
-1.6317 ,4605.8143,-726.0622,0.0000  ,-1515.0312,0.6741  ,
0.0000  ,4605.8170,-726.0659,-0.0000 ,-1515.0325,-0.0000 ,
